P 3 16
P 2 4
P 2 10
P 4 11
P 5 27
after create tree

-1 0 0 0 0 -1 -1 -1 -1 -1 -1 
0 0 0 0 0 4 0 -1 -1 -1 -1 
0 4 0 0 0 0 0 3 -1 -1 -1 
0 0 0 0 0 3 3 0 0 -1 -1 
0 0 0 0 0 4 4 0 0 0 -1 
-1 0 0 0 0 0 0 0 0 0 -1 
-1 0 3 0 0 0 0 0 0 0 4 
-1 -1 0 0 0 3 2 0 0 0 0 
-1 -1 -1 0 0 0 0 0 0 0 0 
-1 -1 -1 -1 0 0 0 0 0 0 0 
-1 -1 -1 -1 -1 -1 0 0 0 0 -1 
S 3 16 M 4 22

-1 0 0 0 0 -1 -1 -1 -1 -1 -1 
0 0 0 0 0 4 0 -1 -1 -1 -1 
0 4 0 0 0 0 0 3 -1 -1 -1 
0 0 0 0 0 3 1 3 0 -1 -1 
0 0 0 0 0 4 4 0 0 0 -1 
-1 0 0 0 0 0 0 0 0 0 -1 
-1 0 3 0 0 0 0 0 0 0 4 
-1 -1 0 0 0 3 2 0 0 0 0 
-1 -1 -1 0 0 0 0 0 0 0 0 
-1 -1 -1 -1 0 0 0 0 0 0 0 
-1 -1 -1 -1 -1 -1 0 0 0 0 -1 

-1 0 0 0 0 -1 -1 -1 -1 -1 -1 
0 0 0 0 0 4 0 -1 -1 -1 -1 
0 4 0 0 0 0 0 3 -1 -1 -1 
0 0 0 0 0 3 1 3 0 -1 -1 
0 0 0 0 0 4 2 0 0 0 -1 
-1 0 0 0 0 0 0 0 0 0 -1 
-1 0 3 0 0 0 4 0 0 0 4 
-1 -1 0 0 0 3 2 0 0 0 0 
-1 -1 -1 0 0 0 0 0 0 0 0 
-1 -1 -1 -1 0 0 0 0 0 0 0 
-1 -1 -1 -1 -1 -1 0 0 0 0 -1 
after create tree

-1 0 0 0 0 -1 -1 -1 -1 -1 -1 
0 0 0 0 0 4 0 -1 -1 -1 -1 
0 4 0 0 0 0 0 3 -1 -1 -1 
0 0 0 0 0 3 1 3 0 -1 -1 
0 0 0 0 0 4 2 0 0 0 -1 
-1 0 0 0 0 0 0 0 0 0 -1 
-1 0 3 0 0 0 4 0 0 0 4 
-1 -1 0 0 0 3 2 0 0 0 0 
-1 -1 -1 0 0 0 0 0 0 0 0 
-1 -1 -1 -1 0 0 0 0 0 0 0 
-1 -1 -1 -1 -1 -1 0 0 0 0 -1 
S 4 22 M 5 28

-1 0 0 0 0 -1 -1 -1 -1 -1 -1 
0 0 0 0 0 4 0 -1 -1 -1 -1 
0 4 0 0 0 0 0 3 -1 -1 -1 
0 0 0 0 0 3 1 1 3 -1 -1 
0 0 0 0 0 4 2 0 0 0 -1 
-1 0 0 0 0 0 0 0 0 0 -1 
-1 0 3 0 0 0 4 0 0 0 4 
-1 -1 0 0 0 3 2 0 0 0 0 
-1 -1 -1 0 0 0 0 0 0 0 0 
-1 -1 -1 -1 0 0 0 0 0 0 0 
-1 -1 -1 -1 -1 -1 0 0 0 0 -1 

-1 0 0 0 0 -1 -1 -1 -1 -1 -1 
0 0 0 0 0 4 0 -1 -1 -1 -1 
0 4 0 0 0 0 0 3 -1 -1 -1 
0 0 0 0 0 3 1 1 3 -1 -1 
0 0 0 0 0 4 2 0 0 0 -1 
-1 0 0 0 0 4 0 0 0 0 -1 
-1 0 3 0 0 0 2 0 0 0 4 
-1 -1 0 0 0 3 2 0 0 0 0 
-1 -1 -1 0 0 0 0 0 0 0 0 
-1 -1 -1 -1 0 0 0 0 0 0 0 
-1 -1 -1 -1 -1 -1 0 0 0 0 -1 
after create tree

-1 0 0 0 0 -1 -1 -1 -1 -1 -1 
0 0 0 0 0 4 0 -1 -1 -1 -1 
0 4 0 0 0 0 0 3 -1 -1 -1 
0 0 0 0 0 3 1 1 3 -1 -1 
0 0 0 0 0 4 2 0 0 0 -1 
-1 0 0 0 0 4 0 0 0 0 -1 
-1 0 3 0 0 0 2 0 0 0 4 
-1 -1 0 0 0 3 2 0 0 0 0 
-1 -1 -1 0 0 0 0 0 0 0 0 
-1 -1 -1 -1 0 0 0 0 0 0 0 
-1 -1 -1 -1 -1 -1 0 0 0 0 -1 
S 5 28 M 4 23

-1 0 0 0 0 -1 -1 -1 -1 -1 -1 
0 0 0 0 0 4 0 -1 -1 -1 -1 
0 4 0 0 0 0 0 3 -1 -1 -1 
0 0 0 0 0 3 1 1 1 -1 -1 
0 0 0 0 0 4 2 0 3 0 -1 
-1 0 0 0 0 4 0 0 0 0 -1 
-1 0 3 0 0 0 2 0 0 0 4 
-1 -1 0 0 0 3 2 0 0 0 0 
-1 -1 -1 0 0 0 0 0 0 0 0 
-1 -1 -1 -1 0 0 0 0 0 0 0 
-1 -1 -1 -1 -1 -1 0 0 0 0 -1 

-1 0 0 0 0 -1 -1 -1 -1 -1 -1 
0 0 0 0 0 4 0 -1 -1 -1 -1 
0 4 0 0 0 0 0 3 -1 -1 -1 
0 0 0 0 0 3 1 1 1 -1 -1 
0 0 0 0 0 2 2 0 3 0 -1 
-1 0 0 0 0 4 0 0 0 0 -1 
-1 0 3 0 0 0 2 0 0 0 4 
-1 -1 0 0 0 3 2 0 0 0 0 
-1 -1 -1 0 0 0 0 0 0 0 0 
-1 -1 -1 -1 0 0 0 0 0 0 4 
-1 -1 -1 -1 -1 -1 0 0 0 0 -1 
after create tree

-1 0 0 0 0 -1 -1 -1 -1 -1 -1 
0 0 0 0 0 4 0 -1 -1 -1 -1 
0 4 0 0 0 0 0 3 -1 -1 -1 
0 0 0 0 0 3 1 1 1 -1 -1 
0 0 0 0 0 2 2 0 3 0 -1 
-1 0 0 0 0 4 0 0 0 0 -1 
-1 0 3 0 0 0 2 0 0 0 4 
-1 -1 0 0 0 3 2 0 0 0 0 
-1 -1 -1 0 0 0 0 0 0 0 0 
-1 -1 -1 -1 0 0 0 0 0 0 4 
-1 -1 -1 -1 -1 -1 0 0 0 0 -1 
S 4 23 M 5 29

-1 0 0 0 0 -1 -1 -1 -1 -1 -1 
0 0 0 0 0 4 0 -1 -1 -1 -1 
0 4 0 0 0 0 0 3 -1 -1 -1 
0 0 0 0 0 3 1 1 1 -1 -1 
0 0 0 0 0 2 2 0 1 3 -1 
-1 0 0 0 0 4 0 0 0 0 -1 
-1 0 3 0 0 0 2 0 0 0 4 
-1 -1 0 0 0 3 2 0 0 0 0 
-1 -1 -1 0 0 0 0 0 0 0 0 
-1 -1 -1 -1 0 0 0 0 0 0 4 
-1 -1 -1 -1 -1 -1 0 0 0 0 -1 

-1 0 0 0 0 -1 -1 -1 -1 -1 -1 
0 0 0 0 0 4 0 -1 -1 -1 -1 
0 2 0 0 0 0 0 3 -1 -1 -1 
0 0 0 0 0 3 1 1 1 -1 -1 
0 0 0 0 0 2 2 0 1 3 -1 
-1 0 0 0 4 4 0 0 0 0 -1 
-1 0 3 0 0 0 2 0 0 0 4 
-1 -1 0 0 0 3 2 0 0 0 0 
-1 -1 -1 0 0 0 0 0 0 0 0 
-1 -1 -1 -1 0 0 0 0 0 0 4 
-1 -1 -1 -1 -1 -1 0 0 0 0 -1 
after create tree

-1 0 0 0 0 -1 -1 -1 -1 -1 -1 
0 0 0 0 0 4 0 -1 -1 -1 -1 
0 2 0 0 0 0 0 3 -1 -1 -1 
0 0 0 0 0 3 1 1 1 -1 -1 
0 0 0 0 0 2 2 0 1 3 -1 
-1 0 0 0 4 4 0 0 0 0 -1 
-1 0 3 0 0 0 2 0 0 0 4 
-1 -1 0 0 0 3 2 0 0 0 0 
-1 -1 -1 0 0 0 0 0 0 0 0 
-1 -1 -1 -1 0 0 0 0 0 0 4 
-1 -1 -1 -1 -1 -1 0 0 0 0 -1 
S 5 29 M 3 17

-1 0 0 0 0 -1 -1 -1 -1 -1 -1 
0 0 0 0 0 4 0 -1 -1 -1 -1 
0 2 0 0 0 0 0 3 -1 -1 -1 
0 0 0 0 0 3 1 1 1 -1 -1 
0 0 0 0 0 2 2 3 2 1 -1 
-1 0 0 0 4 4 0 0 0 0 -1 
-1 0 3 0 0 0 2 0 0 0 4 
-1 -1 0 0 0 3 2 0 0 0 0 
-1 -1 -1 0 0 0 0 0 0 0 0 
-1 -1 -1 -1 0 0 0 0 0 0 4 
-1 -1 -1 -1 -1 -1 0 0 0 0 -1 

-1 0 0 0 0 -1 -1 -1 -1 -1 -1 
0 0 0 0 0 4 0 -1 -1 -1 -1 
0 2 0 0 0 0 0 3 -1 -1 -1 
0 0 0 0 0 3 1 1 1 -1 -1 
0 0 0 0 0 2 2 3 2 1 -1 
-1 0 0 0 4 4 0 0 0 0 -1 
-1 0 3 0 0 0 2 4 0 0 2 
-1 -1 0 0 0 3 2 0 0 0 0 
-1 -1 -1 0 0 0 0 0 0 0 0 
-1 -1 -1 -1 0 0 0 0 0 0 4 
-1 -1 -1 -1 -1 -1 0 0 0 0 -1 
after create tree

-1 0 0 0 0 -1 -1 -1 -1 -1 -1 
0 0 0 0 0 4 0 -1 -1 -1 -1 
0 2 0 0 0 0 0 3 -1 -1 -1 
0 0 0 0 0 3 1 1 1 -1 -1 
0 0 0 0 0 2 2 3 2 1 -1 
-1 0 0 0 4 4 0 0 0 0 -1 
-1 0 3 0 0 0 2 4 0 0 2 
-1 -1 0 0 0 3 2 0 0 0 0 
-1 -1 -1 0 0 0 0 0 0 0 0 
-1 -1 -1 -1 0 0 0 0 0 0 4 
-1 -1 -1 -1 -1 -1 0 0 0 0 -1 
S 3 17 M 1 4

-1 0 0 0 0 -1 -1 -1 -1 -1 -1 
0 0 0 0 0 4 0 -1 -1 -1 -1 
0 2 0 0 0 0 0 3 -1 -1 -1 
0 0 0 0 0 3 1 1 1 -1 -1 
0 0 0 0 3 1 1 1 2 1 -1 
-1 0 0 0 4 4 0 0 0 0 -1 
-1 0 3 0 0 0 2 4 0 0 2 
-1 -1 0 0 0 3 2 0 0 0 0 
-1 -1 -1 0 0 0 0 0 0 0 0 
-1 -1 -1 -1 0 0 0 0 0 0 4 
-1 -1 -1 -1 -1 -1 0 0 0 0 -1 

-1 0 0 0 0 -1 -1 -1 -1 -1 -1 
0 0 0 0 0 2 0 -1 -1 -1 -1 
0 2 0 0 0 4 0 3 -1 -1 -1 
0 0 0 0 0 3 1 1 1 -1 -1 
0 0 0 0 3 1 1 1 2 1 -1 
-1 0 0 0 4 4 0 0 0 0 -1 
-1 0 3 0 0 0 2 4 0 0 2 
-1 -1 0 0 0 3 2 0 0 0 0 
-1 -1 -1 0 0 0 0 0 0 0 0 
-1 -1 -1 -1 0 0 0 0 0 0 4 
-1 -1 -1 -1 -1 -1 0 0 0 0 -1 
after create tree

-1 0 0 0 0 -1 -1 -1 -1 -1 -1 
0 0 0 0 0 2 0 -1 -1 -1 -1 
0 2 0 0 0 4 0 3 -1 -1 -1 
0 0 0 0 0 3 1 1 1 -1 -1 
0 0 0 0 3 1 1 1 2 1 -1 
-1 0 0 0 4 4 0 0 0 0 -1 
-1 0 3 0 0 0 2 4 0 0 2 
-1 -1 0 0 0 3 2 0 0 0 0 
-1 -1 -1 0 0 0 0 0 0 0 0 
-1 -1 -1 -1 0 0 0 0 0 0 4 
-1 -1 -1 -1 -1 -1 0 0 0 0 -1 
S 1 4 M 2 7

-1 0 0 0 0 -1 -1 -1 -1 -1 -1 
0 0 0 0 0 2 0 -1 -1 -1 -1 
0 2 0 0 0 4 0 3 -1 -1 -1 
0 0 0 0 0 3 1 1 1 -1 -1 
0 0 0 3 1 1 1 1 2 1 -1 
-1 0 0 0 4 4 0 0 0 0 -1 
-1 0 3 0 0 0 2 4 0 0 2 
-1 -1 0 0 0 3 2 0 0 0 0 
-1 -1 -1 0 0 0 0 0 0 0 0 
-1 -1 -1 -1 0 0 0 0 0 0 4 
-1 -1 -1 -1 -1 -1 0 0 0 0 -1 

-1 0 0 0 0 -1 -1 -1 -1 -1 -1 
0 0 0 0 0 2 0 -1 -1 -1 -1 
0 2 0 0 0 2 0 3 -1 -1 -1 
0 0 0 0 0 3 2 1 1 -1 -1 
0 0 0 3 1 1 1 2 2 1 -1 
-1 0 0 0 4 4 0 0 4 0 -1 
-1 0 3 0 0 0 2 4 0 0 2 
-1 -1 0 0 0 3 2 0 0 0 0 
-1 -1 -1 0 0 0 0 0 0 0 0 
-1 -1 -1 -1 0 0 0 0 0 0 4 
-1 -1 -1 -1 -1 -1 0 0 0 0 -1 
after create tree

-1 0 0 0 0 -1 -1 -1 -1 -1 -1 
0 0 0 0 0 2 0 -1 -1 -1 -1 
0 2 0 0 0 2 0 3 -1 -1 -1 
0 0 0 0 0 3 2 1 1 -1 -1 
0 0 0 3 2 1 1 2 2 1 -1 
-1 0 0 0 4 4 0 0 4 0 -1 
-1 0 3 0 0 0 2 4 0 0 2 
-1 -1 0 0 0 3 2 0 0 0 0 
-1 -1 -1 0 0 0 0 0 0 0 0 
-1 -1 -1 -1 0 0 0 0 0 0 4 
-1 -1 -1 -1 -1 -1 0 0 0 0 -1 
S 2 7 M 3 10

-1 0 0 0 0 -1 -1 -1 -1 -1 -1 
0 0 0 0 0 2 0 -1 -1 -1 -1 
0 2 0 0 0 2 0 3 -1 -1 -1 
0 0 0 0 0 3 2 1 1 -1 -1 
0 0 3 1 2 1 1 2 2 1 -1 
-1 0 0 0 4 4 0 0 4 0 -1 
-1 0 3 0 0 0 2 4 0 0 2 
-1 -1 0 0 0 3 2 0 0 0 0 
-1 -1 -1 0 0 0 0 0 0 0 0 
-1 -1 -1 -1 0 0 0 0 0 0 4 
-1 -1 -1 -1 -1 -1 0 0 0 0 -1 

-1 0 0 0 0 -1 -1 -1 -1 -1 -1 
0 0 0 0 0 2 0 -1 -1 -1 -1 
0 2 0 0 0 2 0 3 -1 -1 -1 
0 0 0 0 4 3 2 1 1 -1 -1 
0 0 3 1 2 2 1 2 2 1 -1 
-1 0 0 0 4 4 0 0 4 0 -1 
-1 0 3 0 0 0 2 2 0 0 2 
-1 -1 0 0 0 3 2 0 0 0 0 
-1 -1 -1 0 0 0 0 0 0 0 0 
-1 -1 -1 -1 0 0 0 0 0 0 4 
-1 -1 -1 -1 -1 -1 0 0 0 0 -1 
after create tree

-1 0 0 0 0 -1 -1 -1 -1 -1 -1 
0 0 0 0 0 2 0 -1 -1 -1 -1 
0 2 0 0 0 2 0 3 -1 -1 -1 
0 0 0 0 0 4 2 1 1 -1 -1 
0 0 3 1 2 2 2 2 2 1 -1 
-1 0 0 0 0 4 2 2 2 4 4 
-1 0 3 0 0 0 1 2 0 0 2 
-1 -1 0 0 0 3 1 0 0 0 0 
-1 -1 -1 0 0 0 0 0 0 0 0 
-1 -1 -1 -1 0 0 0 0 0 0 4 
-1 -1 -1 -1 -1 -1 0 0 0 0 -1 
S 3 10 M 4 13

-1 0 0 0 0 -1 -1 -1 -1 -1 -1 
0 0 0 0 0 2 0 -1 -1 -1 -1 
0 2 0 0 0 2 0 3 -1 -1 -1 
0 0 0 0 0 4 2 1 1 -1 -1 
0 3 1 1 2 2 2 2 2 1 -1 
-1 0 0 0 0 4 2 2 2 4 4 
-1 0 3 0 0 0 1 2 0 0 2 
-1 -1 0 0 0 3 1 0 0 0 0 
-1 -1 -1 0 0 0 0 0 0 0 0 
-1 -1 -1 -1 0 0 0 0 0 0 4 
-1 -1 -1 -1 -1 -1 0 0 0 0 -1 
