P 3 16
P 2 4
P 2 10
P 4 11
P 5 27
after create tree

-1 0 0 0 0 -1 -1 -1 -1 -1 -1 
0 0 0 0 0 0 0 -1 -1 -1 -1 
0 0 0 0 0 0 0 3 ERROR---------------------------------------------
-1 -1 -1 
0 0 0 0 4 ERROR---------------------------------------------
3 ERROR---------------------------------------------
3 ERROR---------------------------------------------
0 0 -1 -1 
0 0 0 0 0 0 0 0 0 0 -1 
-1 0 0 0 0 4 ERROR---------------------------------------------
0 0 0 0 -1 
-1 0 3 ERROR---------------------------------------------
0 0 0 0 0 0 0 0 
-1 -1 0 0 0 3 ERROR---------------------------------------------
0 0 0 0 0 
-1 -1 -1 0 0 0 0 4 ERROR---------------------------------------------
0 4 ERROR---------------------------------------------
0 
-1 -1 -1 -1 4 ERROR---------------------------------------------
0 0 0 0 0 0 
-1 -1 -1 -1 -1 -1 0 0 0 0 -1 
S 5 27 M 4 21
after update 
-1 0 0 0 0 -1 -1 -1 -1 -1 -1 
0 0 0 0 0 0 0 -1 -1 -1 -1 
0 0 0 0 0 0 3 1 -1 -1 -1 
0 0 0 0 4 3 3 0 0 -1 -1 
0 0 0 0 0 0 0 0 0 0 -1 
-1 0 0 0 0 4 0 0 0 0 -1 
-1 0 3 0 0 0 0 0 0 0 0 
-1 -1 0 0 0 3 0 0 0 0 0 
-1 -1 -1 0 0 0 0 4 0 4 0 
-1 -1 -1 -1 4 0 0 0 0 0 0 
-1 -1 -1 -1 -1 -1 0 0 0 0 -1 
Input chance
S 0 0 M 3 9
-1 0 0 0 0 -1 -1 -1 -1 -1 -1 
0 0 0 0 0 0 0 -1 -1 -1 -1 
0 0 0 0 0 0 3 1 -1 -1 -1 
0 0 0 0 4 3 3 0 0 -1 -1 
0 0 0 0 0 0 0 0 0 0 -1 
-1 0 4 0 0 2 0 0 0 0 -1 
-1 0 3 0 0 0 0 0 0 0 0 
-1 -1 0 0 0 3 0 0 0 0 0 
-1 -1 -1 0 0 0 0 4 0 4 0 
-1 -1 -1 -1 4 0 0 0 0 0 0 
-1 -1 -1 -1 -1 -1 0 0 0 0 -1 
after create tree

-1 0 0 0 0 -1 -1 -1 -1 -1 -1 
0 0 0 0 0 0 0 -1 -1 -1 -1 
0 0 0 0 0 0 3 1 -1 -1 -1 
0 0 0 0 4 3 3 0 0 -1 -1 
0 0 0 0 0 0 0 0 0 0 -1 
-1 0 4 0 0 2 0 0 0 0 -1 
-1 0 3 0 0 0 0 0 0 0 0 
-1 -1 0 0 0 3 0 0 0 0 0 
-1 -1 -1 0 0 0 0 4 0 4 0 
-1 -1 -1 -1 4 0 0 0 0 0 0 
-1 -1 -1 -1 -1 -1 0 0 0 0 -1 
S 4 21 M 3 15
after update 
-1 0 0 0 0 -1 -1 -1 -1 -1 -1 
0 0 0 0 0 0 0 -1 -1 -1 -1 
0 0 0 0 0 3 1 1 -1 -1 -1 
0 0 0 0 4 3 3 0 0 -1 -1 
0 0 0 0 0 0 0 0 0 0 -1 
-1 0 4 0 0 2 0 0 0 0 -1 
-1 0 3 0 0 0 0 0 0 0 0 
-1 -1 0 0 0 3 0 0 0 0 0 
-1 -1 -1 0 0 0 0 4 0 4 0 
-1 -1 -1 -1 4 0 0 0 0 0 0 
-1 -1 -1 -1 -1 -1 0 0 0 0 -1 
Input chance
S 5 11 M 5 14
-1 0 0 0 0 -1 -1 -1 -1 -1 -1 
0 0 0 0 0 0 0 -1 -1 -1 -1 
0 0 0 0 0 3 1 1 -1 -1 -1 
0 0 0 0 4 3 3 0 0 -1 -1 
0 0 0 0 0 0 0 0 0 0 -1 
-1 0 4 0 0 2 0 0 0 0 -1 
-1 4 3 0 0 0 0 0 0 0 0 
-1 -1 0 0 0 3 0 0 0 0 0 
-1 -1 -1 0 0 0 0 4 0 4 0 
-1 -1 -1 -1 2 0 0 0 0 0 0 
-1 -1 -1 -1 -1 -1 0 0 0 0 -1 
after create tree

-1 0 0 0 0 -1 -1 -1 -1 -1 -1 
0 0 0 0 0 0 0 -1 -1 -1 -1 
0 0 0 0 0 3 1 1 -1 -1 -1 
0 0 0 0 4 3 3 0 0 -1 -1 
0 0 0 0 0 0 0 0 0 0 -1 
-1 0 4 0 0 2 0 0 0 0 -1 
-1 4 3 0 0 0 0 0 0 0 0 
-1 -1 0 0 0 3 0 0 0 0 0 
-1 -1 -1 0 0 0 0 4 0 4 0 
-1 -1 -1 -1 2 0 0 0 0 0 0 
-1 -1 -1 -1 -1 -1 0 0 0 0 -1 
S 3 15 M 3 14
after update 
-1 0 0 0 0 -1 -1 -1 -1 -1 -1 
0 0 0 0 0 0 0 -1 -1 -1 -1 
0 0 0 0 3 1 1 1 -1 -1 -1 
0 0 0 0 4 3 3 0 0 -1 -1 
0 0 0 0 0 0 0 0 0 0 -1 
-1 0 4 0 0 2 0 0 0 0 -1 
-1 4 3 0 0 0 0 0 0 0 0 
-1 -1 0 0 0 3 0 0 0 0 0 
-1 -1 -1 0 0 0 0 4 0 4 0 
-1 -1 -1 -1 2 0 0 0 0 0 0 
-1 -1 -1 -1 -1 -1 0 0 0 0 -1 
Input chance
S 3 9 M 1 3
-1 0 0 0 0 -1 -1 -1 -1 -1 -1 
0 0 0 0 0 0 0 -1 -1 -1 -1 
0 0 0 0 3 1 1 1 -1 -1 -1 
0 0 0 0 4 3 3 0 0 -1 -1 
0 0 0 0 0 0 0 0 0 0 -1 
-1 0 2 0 4 2 0 0 0 0 -1 
-1 4 3 0 0 0 0 0 0 0 0 
-1 -1 0 0 0 3 0 0 0 0 0 
-1 -1 -1 0 0 0 0 4 0 4 0 
-1 -1 -1 -1 2 0 0 0 0 0 0 
-1 -1 -1 -1 -1 -1 0 0 0 0 -1 
after create tree

-1 0 0 0 0 -1 -1 -1 -1 -1 -1 
0 0 0 0 0 0 0 -1 -1 -1 -1 
0 0 0 0 3 1 1 1 -1 -1 -1 
0 0 0 0 4 3 3 0 0 -1 -1 
0 0 0 0 0 0 0 0 0 0 -1 
-1 0 2 0 4 2 0 0 0 0 -1 
-1 4 3 0 0 0 0 0 0 0 0 
-1 -1 0 0 0 3 0 0 0 0 0 
-1 -1 -1 0 0 0 0 4 0 4 0 
-1 -1 -1 -1 2 0 0 0 0 0 0 
-1 -1 -1 -1 -1 -1 0 0 0 0 -1 
S 2 10 M 1 5
after update 
-1 0 0 0 0 -1 -1 -1 -1 -1 -1 
0 0 0 0 0 0 0 -1 -1 -1 -1 
0 0 0 0 3 1 1 1 -1 -1 -1 
0 0 0 0 4 1 3 0 0 -1 -1 
0 0 0 0 0 3 0 0 0 0 -1 
-1 0 2 0 4 2 0 0 0 0 -1 
-1 4 3 0 0 0 0 0 0 0 0 
-1 -1 0 0 0 3 0 0 0 0 0 
-1 -1 -1 0 0 0 0 4 0 4 0 
-1 -1 -1 -1 2 0 0 0 0 0 0 
-1 -1 -1 -1 -1 -1 0 0 0 0 -1 
Input chance
S 1 3 M 1 4
-1 0 0 0 0 -1 -1 -1 -1 -1 -1 
0 0 0 0 0 0 0 -1 -1 -1 -1 
0 0 0 0 3 1 1 1 -1 -1 -1 
0 0 0 0 4 1 3 0 0 -1 -1 
0 0 0 0 4 3 0 0 0 0 -1 
-1 0 2 0 2 2 0 0 0 0 -1 
-1 4 3 0 0 0 0 0 0 0 0 
-1 -1 0 0 0 3 0 0 0 0 0 
-1 -1 -1 0 0 0 0 4 0 4 0 
-1 -1 -1 -1 2 0 0 0 0 0 0 
-1 -1 -1 -1 -1 -1 0 0 0 0 -1 
after create tree

-1 0 0 0 0 -1 -1 -1 -1 -1 -1 
0 0 0 0 0 0 0 -1 -1 -1 -1 
0 0 0 0 3 1 1 1 -1 -1 -1 
0 0 0 0 4 1 3 0 0 -1 -1 
0 0 0 0 4 3 0 0 0 0 -1 
-1 0 2 0 2 2 0 0 0 0 -1 
-1 4 3 0 0 0 0 0 0 0 0 
-1 -1 0 0 0 3 0 0 0 0 0 
-1 -1 -1 0 0 0 0 4 0 4 0 
-1 -1 -1 -1 2 0 0 0 0 0 0 
-1 -1 -1 -1 -1 -1 0 0 0 0 -1 
S 3 16 M 4 22
after update 
-1 0 0 0 0 -1 -1 -1 -1 -1 -1 
0 0 0 0 0 0 0 -1 -1 -1 -1 
0 0 0 0 3 1 1 1 -1 -1 -1 
0 0 0 0 4 1 1 3 0 -1 -1 
0 0 0 0 4 3 0 0 0 0 -1 
-1 0 2 0 2 2 0 0 0 0 -1 
-1 4 3 0 0 0 0 0 0 0 0 
-1 -1 0 0 0 3 0 0 0 0 0 
-1 -1 -1 0 0 0 0 4 0 4 0 
-1 -1 -1 -1 2 0 0 0 0 0 0 
-1 -1 -1 -1 -1 -1 0 0 0 0 -1 
Input chance
S 3 4 M 5 6
-1 0 0 0 0 -1 -1 -1 -1 -1 -1 
0 0 0 0 0 0 0 -1 -1 -1 -1 
0 0 0 0 3 1 1 1 -1 -1 -1 
0 0 0 0 4 1 1 3 0 -1 -1 
0 0 0 0 4 3 0 0 0 0 -1 
-1 0 2 0 2 2 0 0 0 0 -1 
-1 4 3 0 0 0 0 0 0 0 0 
-1 -1 0 0 0 3 0 0 0 0 0 
-1 -1 -1 0 0 0 0 2 0 4 0 
-1 -1 -1 -1 2 0 0 0 0 0 0 
-1 -1 -1 -1 -1 -1 0 0 0 4 -1 
after create tree

-1 0 0 0 0 -1 -1 -1 -1 -1 -1 
0 0 0 0 0 0 0 -1 -1 -1 -1 
0 0 0 0 3 1 1 1 -1 -1 -1 
0 0 0 0 4 1 1 3 0 -1 -1 
0 0 0 0 4 3 0 0 0 0 -1 
-1 0 2 0 2 2 0 0 0 0 -1 
-1 4 3 0 0 0 0 0 0 0 0 
-1 -1 0 0 0 3 0 0 0 0 0 
-1 -1 -1 0 0 0 0 2 0 4 0 
-1 -1 -1 -1 2 0 0 0 0 0 0 
-1 -1 -1 -1 -1 -1 0 0 0 4 -1 
S 4 22 M 5 28
after update 
-1 0 0 0 0 -1 -1 -1 -1 -1 -1 
0 0 0 0 0 0 0 -1 -1 -1 -1 
0 0 0 0 3 1 1 1 -1 -1 -1 
0 0 0 0 4 1 1 1 3 -1 -1 
0 0 0 0 4 3 0 0 0 0 -1 
-1 0 2 0 2 2 0 0 0 0 -1 
-1 4 3 0 0 0 0 0 0 0 0 
-1 -1 0 0 0 3 0 0 0 0 0 
-1 -1 -1 0 0 0 0 2 0 4 0 
-1 -1 -1 -1 2 0 0 0 0 0 0 
-1 -1 -1 -1 -1 -1 0 0 0 4 -1 
Input chance
S 4 3 M 1 0
-1 0 0 0 0 -1 -1 -1 -1 -1 -1 
0 0 0 0 0 0 0 -1 -1 -1 -1 
0 0 0 0 3 1 1 1 -1 -1 -1 
0 0 0 0 4 1 1 1 3 -1 -1 
0 0 0 0 4 3 0 0 0 0 -1 
-1 0 2 0 2 2 4 0 0 0 -1 
-1 4 3 0 0 0 0 0 0 0 0 
-1 -1 0 0 0 3 0 0 0 0 0 
-1 -1 -1 0 0 0 0 2 0 2 0 
-1 -1 -1 -1 2 0 0 0 0 0 0 
-1 -1 -1 -1 -1 -1 0 0 0 4 -1 
after create tree

-1 0 0 0 0 -1 -1 -1 -1 -1 -1 
0 0 0 0 0 0 0 -1 -1 -1 -1 
0 0 0 0 3 1 1 1 -1 -1 -1 
0 0 0 0 4 1 1 1 3 -1 -1 
0 0 0 0 4 3 0 0 0 0 -1 
-1 0 2 0 2 2 4 0 0 0 -1 
-1 4 3 0 0 0 0 0 0 0 0 
-1 -1 0 0 0 3 0 0 0 0 0 
-1 -1 -1 0 0 0 0 2 0 2 0 
-1 -1 -1 -1 2 0 0 0 0 0 0 
-1 -1 -1 -1 -1 -1 0 0 0 4 -1 
S 5 28 M 4 23
after update 
-1 0 0 0 0 -1 -1 -1 -1 -1 -1 
0 0 0 0 0 0 0 -1 -1 -1 -1 
0 0 0 0 3 1 1 1 -1 -1 -1 
0 0 0 0 4 1 1 1 1 -1 -1 
0 0 0 0 4 3 0 0 3 0 -1 
-1 0 2 0 2 2 4 0 0 0 -1 
-1 4 3 0 0 0 0 0 0 0 0 
-1 -1 0 0 0 3 0 0 0 0 0 
-1 -1 -1 0 0 0 0 2 0 2 0 
-1 -1 -1 -1 2 0 0 0 0 0 0 
-1 -1 -1 -1 -1 -1 0 0 0 4 -1 
Input chance
S 5 14 M 5 12
-1 0 0 0 0 -1 -1 -1 -1 -1 -1 
0 0 0 0 0 0 0 -1 -1 -1 -1 
0 0 0 0 3 1 1 1 -1 -1 -1 
0 0 0 0 4 1 1 1 1 -1 -1 
0 0 0 0 4 3 0 0 3 0 -1 
-1 0 2 0 2 2 4 0 0 0 -1 
-1 2 3 0 0 0 0 0 0 0 0 
-1 -1 0 0 0 3 0 0 0 0 0 
-1 -1 -1 4 0 0 0 2 0 2 0 
-1 -1 -1 -1 2 0 0 0 0 0 0 
-1 -1 -1 -1 -1 -1 0 0 0 4 -1 
after create tree

-1 0 0 0 0 -1 -1 -1 -1 -1 -1 
0 0 0 0 0 0 0 -1 -1 -1 -1 
0 0 0 0 3 1 1 1 -1 -1 -1 
0 0 0 0 4 1 1 1 1 -1 -1 
0 0 0 0 4 3 0 0 3 0 -1 
-1 0 2 0 2 2 4 0 0 0 -1 
-1 2 3 0 0 0 0 0 0 0 0 
-1 -1 0 0 0 3 0 0 0 0 0 
-1 -1 -1 4 0 0 0 2 0 2 0 
-1 -1 -1 -1 2 0 0 0 0 0 0 
-1 -1 -1 -1 -1 -1 0 0 0 4 -1 
S 1 5 M 2 11
after update 
-1 0 0 0 0 -1 -1 -1 -1 -1 -1 
0 0 0 0 0 0 0 -1 -1 -1 -1 
0 0 0 0 3 1 1 1 -1 -1 -1 
0 0 0 0 4 1 1 1 1 -1 -1 
0 0 0 0 4 1 3 0 3 0 -1 
-1 0 2 0 2 2 4 0 0 0 -1 
-1 2 3 0 0 0 0 0 0 0 0 
-1 -1 0 0 0 3 0 0 0 0 0 
-1 -1 -1 4 0 0 0 2 0 2 0 
-1 -1 -1 -1 2 0 0 0 0 0 0 
-1 -1 -1 -1 -1 -1 0 0 0 4 -1 
Input chance
S 1 0 M 3 5
-1 0 0 0 0 -1 -1 -1 -1 -1 -1 
0 0 0 0 0 0 0 -1 -1 -1 -1 
0 0 0 0 3 1 1 1 -1 -1 -1 
0 0 0 0 4 1 1 1 1 -1 -1 
0 0 0 0 4 1 3 0 3 0 -1 
-1 0 2 0 2 2 2 0 0 0 -1 
-1 2 3 0 0 0 0 0 0 0 0 
-1 -1 0 0 0 3 0 0 0 0 0 
-1 -1 -1 4 0 0 4 2 0 2 0 
-1 -1 -1 -1 2 0 0 0 0 0 0 
-1 -1 -1 -1 -1 -1 0 0 0 4 -1 
after create tree

-1 0 0 0 0 -1 -1 -1 -1 -1 -1 
0 0 0 0 0 0 0 -1 -1 -1 -1 
0 0 0 0 3 1 1 1 -1 -1 -1 
0 0 0 0 4 1 1 1 1 -1 -1 
0 0 0 0 4 1 3 0 3 0 -1 
-1 0 2 0 2 2 2 0 0 0 -1 
-1 2 3 0 0 0 0 0 0 0 0 
-1 -1 0 0 0 3 0 0 0 0 0 
-1 -1 -1 4 0 0 4 2 0 2 0 
-1 -1 -1 -1 2 0 0 0 0 0 0 
-1 -1 -1 -1 -1 -1 0 0 0 4 -1 
S 2 11 M 3 17
after update 
-1 0 0 0 0 -1 -1 -1 -1 -1 -1 
0 0 0 0 0 0 0 -1 -1 -1 -1 
0 0 0 0 3 1 1 1 -1 -1 -1 
0 0 0 0 4 1 1 1 1 -1 -1 
0 0 0 0 4 1 1 3 3 0 -1 
-1 0 2 0 2 2 2 0 0 0 -1 
-1 2 3 0 0 0 0 0 0 0 0 
-1 -1 0 0 0 3 0 0 0 0 0 
-1 -1 -1 4 0 0 4 2 0 2 0 
-1 -1 -1 -1 2 0 0 0 0 0 0 
-1 -1 -1 -1 -1 -1 0 0 0 4 -1 
Input chance
S 5 12 M 2 7
-1 0 0 0 0 -1 -1 -1 -1 -1 -1 
0 0 0 0 0 0 0 -1 -1 -1 -1 
0 0 0 0 3 1 1 1 -1 -1 -1 
0 0 0 0 4 1 1 1 1 -1 -1 
0 0 0 4 4 1 1 3 3 0 -1 
-1 0 2 0 2 2 2 0 0 0 -1 
-1 2 3 0 0 0 0 0 0 0 0 
-1 -1 0 0 0 3 0 0 0 0 0 
-1 -1 -1 2 0 0 4 2 0 2 0 
-1 -1 -1 -1 2 0 0 0 0 0 0 
-1 -1 -1 -1 -1 -1 0 0 0 4 -1 
after create tree

-1 0 0 0 0 -1 -1 -1 -1 -1 -1 
0 0 0 0 0 0 0 -1 -1 -1 -1 
0 0 0 0 3 1 1 1 -1 -1 -1 
0 0 0 0 4 1 1 1 1 -1 -1 
0 0 0 4 4 1 1 3 3 0 -1 
-1 0 2 0 2 2 2 0 0 0 -1 
-1 2 3 0 0 0 0 0 0 0 0 
-1 -1 0 0 0 3 0 0 0 0 0 
-1 -1 -1 2 0 0 4 2 0 2 0 
-1 -1 -1 -1 2 0 0 0 0 0 0 
-1 -1 -1 -1 -1 -1 0 0 0 4 -1 
S 3 17 M 2 0
after update 
-1 0 0 0 0 -1 -1 -1 -1 -1 -1 
0 0 0 0 0 0 0 -1 -1 -1 -1 
0 0 0 0 3 1 1 1 -1 -1 -1 
0 0 0 0 4 1 1 1 1 -1 -1 
0 0 0 4 4 1 1 1 3 0 -1 
-1 0 2 0 2 2 2 3 0 0 -1 
-1 2 3 0 0 0 0 0 0 0 0 
-1 -1 0 0 0 3 0 0 0 0 0 
-1 -1 -1 2 0 0 4 2 0 2 0 
-1 -1 -1 -1 2 0 0 0 0 0 0 
-1 -1 -1 -1 -1 -1 0 0 0 4 -1 
Input chance
S 3 5 M 1 1
-1 0 0 0 0 -1 -1 -1 -1 -1 -1 
0 0 0 0 0 0 0 -1 -1 -1 -1 
0 0 0 0 3 1 1 1 -1 -1 -1 
0 0 0 0 4 1 1 1 1 -1 -1 
0 0 0 4 4 1 1 1 3 0 -1 
-1 0 2 0 2 2 2 3 0 0 -1 
-1 2 3 0 0 0 4 0 0 0 0 
-1 -1 0 0 0 3 0 0 0 0 0 
-1 -1 -1 2 0 0 2 2 0 2 0 
-1 -1 -1 -1 2 0 0 0 0 0 0 
-1 -1 -1 -1 -1 -1 0 0 0 4 -1 
after create tree

-1 0 0 0 0 -1 -1 -1 -1 -1 -1 
0 0 0 0 0 0 0 -1 -1 -1 -1 
0 0 0 0 3 1 2 ERROR---------------------------------------------
1 -1 -1 -1 
0 0 0 0 4 1 2 ERROR---------------------------------------------
1 1 -1 -1 
0 0 0 4 4 1 2 ERROR---------------------------------------------
1 3 0 -1 
-1 0 2 0 2 2 1 ERROR---------------------------------------------
3 0 0 -1 
-1 2 3 0 0 0 4 0 0 0 0 
-1 -1 0 0 0 3 0 0 0 0 0 
-1 -1 -1 2 0 0 2 2 0 2 0 
-1 -1 -1 -1 2 0 0 0 0 0 0 
-1 -1 -1 -1 -1 -1 0 0 0 4 -1 
S 4 23 M 5 29
after update 
-1 0 0 0 0 -1 -1 -1 -1 -1 -1 
0 0 0 0 0 0 0 -1 -1 -1 -1 
0 0 0 0 3 1 2 1 -1 -1 -1 
0 0 0 0 4 1 2 1 1 -1 -1 
0 0 0 4 4 1 2 1 1 3 -1 
-1 0 2 0 2 2 1 3 0 0 -1 
-1 2 3 0 0 0 4 0 0 0 0 
-1 -1 0 0 0 3 0 0 0 0 0 
-1 -1 -1 2 0 0 2 2 0 2 0 
-1 -1 -1 -1 2 0 0 0 0 0 0 
-1 -1 -1 -1 -1 -1 0 0 0 4 -1 
Input chance
S 1 1 M 3 8
-1 0 0 0 0 -1 -1 -1 -1 -1 -1 
0 0 0 0 0 0 0 -1 -1 -1 -1 
0 0 0 0 3 1 2 1 -1 -1 -1 
0 0 0 0 4 1 2 1 1 -1 -1 
0 0 0 4 4 1 2 1 1 3 -1 
-1 0 2 0 2 2 1 3 0 0 -1 
-1 2 3 4 0 0 2 0 0 0 0 
-1 -1 0 0 0 3 0 0 0 0 0 
-1 -1 -1 2 0 0 2 2 0 2 0 
-1 -1 -1 -1 2 0 0 0 0 0 0 
-1 -1 -1 -1 -1 -1 0 0 0 4 -1 
after create tree

-1 0 0 0 0 -1 -1 -1 -1 -1 -1 
0 0 0 0 0 0 0 -1 -1 -1 -1 
0 0 0 0 3 1 2 1 -1 -1 -1 
0 0 0 0 4 1 2 1 1 -1 -1 
0 0 0 4 4 1 2 1 1 3 -1 
-1 0 2 0 2 2 1 3 2 ERROR---------------------------------------------
2 ERROR---------------------------------------------
4 ERROR---------------------------------------------

-1 2 3 4 0 0 0 ERROR---------------------------------------------
0 0 0 0 
-1 -1 0 0 0 3 0 0 0 0 0 
-1 -1 -1 2 0 0 2 2 0 2 0 
-1 -1 -1 -1 2 0 0 0 0 0 0 
-1 -1 -1 -1 -1 -1 0 0 0 4 -1 
S 5 29 M 4 0
after update 
-1 0 0 0 0 -1 -1 -1 -1 -1 -1 
0 0 0 0 0 0 0 -1 -1 -1 -1 
0 0 0 0 3 1 2 1 -1 -1 -1 
0 0 0 0 4 1 2 1 1 -1 -1 
0 0 0 4 4 1 2 1 1 1 -1 
-1 0 2 0 2 2 1 3 2 3 4 
-1 2 3 4 0 0 0 0 0 0 0 
-1 -1 0 0 0 3 0 0 0 0 0 
-1 -1 -1 2 0 0 2 2 0 2 0 
-1 -1 -1 -1 2 0 0 0 0 0 0 
-1 -1 -1 -1 -1 -1 0 0 0 4 -1 
Input chance
S 1 1 M 3 8
-1 0 0 0 0 -1 -1 -1 -1 -1 -1 
0 0 0 0 0 0 0 -1 -1 -1 -1 
0 0 0 0 3 1 2 1 -1 -1 -1 
0 0 0 0 4 1 2 1 1 -1 -1 
0 0 0 4 4 1 2 1 1 1 -1 
-1 0 2 0 2 2 1 3 2 3 4 
-1 2 3 4 0 0 2 0 0 0 0 
-1 -1 0 0 0 3 0 0 0 0 0 
-1 -1 -1 2 0 0 2 2 0 2 0 
-1 -1 -1 -1 2 0 0 0 0 0 0 
-1 -1 -1 -1 -1 -1 0 0 0 4 -1 
after create tree

-1 0 0 0 0 -1 -1 -1 -1 -1 -1 
0 0 0 0 0 0 0 -1 -1 -1 -1 
0 0 0 0 3 1 2 1 -1 -1 -1 
0 0 0 0 4 1 2 1 1 -1 -1 
0 0 0 4 4 1 2 1 1 1 -1 
-1 0 2 0 2 2 1 3 2 3 4 
-1 2 3 4 0 0 0 ERROR---------------------------------------------
0 0 0 0 
-1 -1 0 0 0 3 0 0 0 0 0 
-1 -1 -1 2 0 0 2 2 0 2 0 
-1 -1 -1 -1 2 0 0 0 0 0 0 
-1 -1 -1 -1 -1 -1 0 0 0 4 -1 
S 2 0 M 2 6
after update 
-1 0 0 0 0 -1 -1 -1 -1 -1 -1 
0 0 0 0 0 0 0 -1 -1 -1 -1 
0 0 0 0 3 1 2 1 -1 -1 -1 
0 0 0 0 4 1 2 1 1 -1 -1 
0 0 0 4 4 1 2 1 1 1 -1 
-1 0 2 3 1 1 2 1 2 3 4 
-1 2 3 4 0 0 0 0 0 0 0 
-1 -1 0 0 0 3 0 0 0 0 0 
-1 -1 -1 2 0 0 2 2 0 2 0 
-1 -1 -1 -1 2 0 0 0 0 0 0 
-1 -1 -1 -1 -1 -1 0 0 0 4 -1 
Input chance
S 1 1 M 3 8
-1 0 0 0 0 -1 -1 -1 -1 -1 -1 
0 0 0 0 0 0 0 -1 -1 -1 -1 
0 0 0 0 3 1 2 1 -1 -1 -1 
0 0 0 0 4 1 2 1 1 -1 -1 
0 0 0 4 4 1 2 1 1 1 -1 
-1 0 2 3 1 1 2 1 2 3 4 
-1 2 3 4 0 0 2 0 0 0 0 
-1 -1 0 0 0 3 0 0 0 0 0 
-1 -1 -1 2 0 0 2 2 0 2 0 
-1 -1 -1 -1 2 0 0 0 0 0 0 
-1 -1 -1 -1 -1 -1 0 0 0 4 -1 
after create tree

-1 0 0 0 0 -1 -1 -1 -1 -1 -1 
0 0 0 0 0 0 0 -1 -1 -1 -1 
0 0 0 0 3 1 2 1 -1 -1 -1 
0 0 0 0 4 1 2 1 1 -1 -1 
0 0 0 4 4 1 2 1 1 1 -1 
-1 0 2 3 1 1 2 2 ERROR---------------------------------------------
2 3 4 
-1 2 3 4 0 0 0 ERROR---------------------------------------------
0 0 0 0 
-1 -1 0 0 0 3 0 0 0 0 0 
-1 -1 -1 2 0 0 2 2 0 2 0 
-1 -1 -1 -1 2 0 0 0 0 0 0 
-1 -1 -1 -1 -1 -1 0 0 0 4 -1 
S 4 0 M 4 1
after update 
-1 0 0 0 0 -1 -1 -1 -1 -1 -1 
0 0 0 0 0 0 0 -1 -1 -1 -1 
0 0 0 0 3 1 2 1 -1 -1 -1 
0 0 0 0 4 1 2 1 1 -1 -1 
0 0 0 4 4 1 2 1 1 1 -1 
-1 0 2 3 1 1 2 2 2 1 4 
-1 2 3 4 0 0 0 0 0 3 0 
-1 -1 0 0 0 3 0 0 0 0 0 
-1 -1 -1 2 0 0 2 2 0 2 0 
-1 -1 -1 -1 2 0 0 0 0 0 0 
-1 -1 -1 -1 -1 -1 0 0 0 4 -1 
Input chance
S 1 1 M 3 8
-1 0 0 0 0 -1 -1 -1 -1 -1 -1 
0 0 0 0 0 0 0 -1 -1 -1 -1 
0 0 0 0 3 1 2 1 -1 -1 -1 
0 0 0 0 4 1 2 1 1 -1 -1 
0 0 0 4 4 1 2 1 1 1 -1 
-1 0 2 3 1 1 2 2 2 1 4 
-1 2 3 4 0 0 2 0 0 3 0 
-1 -1 0 0 0 3 0 0 0 0 0 
-1 -1 -1 2 0 0 2 2 0 2 0 
-1 -1 -1 -1 2 0 0 0 0 0 0 
-1 -1 -1 -1 -1 -1 0 0 0 4 -1 
after create tree

-1 0 0 0 0 -1 -1 -1 -1 -1 -1 
0 0 0 0 0 0 0 -1 -1 -1 -1 
0 0 0 0 3 1 2 1 -1 -1 -1 
0 0 0 0 4 1 2 1 1 -1 -1 
0 0 0 4 4 1 2 1 1 1 -1 
-1 0 2 3 1 1 2 2 2 2 ERROR---------------------------------------------
4 
-1 2 3 4 0 0 0 ERROR---------------------------------------------
0 0 3 0 
-1 -1 0 0 0 3 0 0 0 0 0 
-1 -1 -1 2 0 0 2 2 0 2 0 
-1 -1 -1 -1 2 0 0 0 0 0 0 
-1 -1 -1 -1 -1 -1 0 0 0 4 -1 
S 4 1 M 5 1
after update 
-1 0 0 0 0 -1 -1 -1 -1 -1 -1 
0 0 0 0 0 0 0 -1 -1 -1 -1 
0 0 0 0 3 1 2 1 -1 -1 -1 
0 0 0 0 4 1 2 1 1 -1 -1 
0 0 0 4 4 1 2 1 1 1 -1 
-1 0 2 3 1 1 2 2 2 2 4 
-1 2 3 4 0 0 0 0 0 1 3 
-1 -1 0 0 0 3 0 0 0 0 0 
-1 -1 -1 2 0 0 2 2 0 2 0 
-1 -1 -1 -1 2 0 0 0 0 0 0 
-1 -1 -1 -1 -1 -1 0 0 0 4 -1 
Input chance
S 1 1 M 3 8
-1 0 0 0 0 -1 -1 -1 -1 -1 -1 
0 0 0 0 0 0 0 -1 -1 -1 -1 
0 0 0 0 3 1 2 1 -1 -1 -1 
0 0 0 0 4 1 2 1 1 -1 -1 
0 0 0 4 4 1 2 1 1 1 -1 
-1 0 2 3 1 1 2 2 2 2 4 
-1 2 3 4 0 0 2 0 0 1 3 
-1 -1 0 0 0 3 0 0 0 0 0 
-1 -1 -1 2 0 0 2 2 0 2 0 
-1 -1 -1 -1 2 0 0 0 0 0 0 
-1 -1 -1 -1 -1 -1 0 0 0 4 -1 
after create tree

-1 0 0 0 0 -1 -1 -1 -1 -1 -1 
0 0 0 0 0 0 0 -1 -1 -1 -1 
0 0 0 0 3 1 2 1 -1 -1 -1 
0 0 0 0 4 1 2 1 1 -1 -1 
0 0 0 4 4 1 2 1 1 1 -1 
-1 0 2 3 1 1 2 2 2 2 4 
-1 2 3 4 0 0 0 ERROR---------------------------------------------
0 0 1 3 
-1 -1 0 0 0 3 0 0 0 0 0 
-1 -1 -1 2 0 0 2 2 0 2 0 
-1 -1 -1 -1 2 0 0 0 0 0 0 
-1 -1 -1 -1 -1 -1 0 0 0 4 -1 
S 5 1 M 3 1
after update 
-1 0 0 0 0 -1 -1 -1 -1 -1 -1 
0 0 0 0 0 0 0 -1 -1 -1 -1 
0 0 0 0 3 1 2 1 -1 -1 -1 
0 0 0 0 4 1 2 1 1 -1 -1 
0 0 0 4 4 1 2 1 1 1 -1 
-1 0 2 3 1 1 2 2 2 2 4 
-1 2 3 4 0 0 0 0 3 2 1 
-1 -1 0 0 0 3 0 0 0 0 0 
-1 -1 -1 2 0 0 2 2 0 2 0 
-1 -1 -1 -1 2 0 0 0 0 0 0 
-1 -1 -1 -1 -1 -1 0 0 0 4 -1 
Input chance
S 1 1 M 3 8
-1 0 0 0 0 -1 -1 -1 -1 -1 -1 
0 0 0 0 0 0 0 -1 -1 -1 -1 
0 0 0 0 3 1 2 1 -1 -1 -1 
0 0 0 0 4 1 2 1 1 -1 -1 
0 0 0 4 4 1 2 1 1 1 -1 
-1 0 2 3 1 1 2 2 2 2 4 
-1 2 3 4 0 0 2 0 3 2 1 
-1 -1 0 0 0 3 0 0 0 0 0 
-1 -1 -1 2 0 0 2 2 0 2 0 
-1 -1 -1 -1 2 0 0 0 0 0 0 
-1 -1 -1 -1 -1 -1 0 0 0 4 -1 
after create tree

-1 0 0 0 0 -1 -1 -1 -1 -1 -1 
0 0 0 0 0 0 0 -1 -1 -1 -1 
0 0 0 0 3 1 2 1 -1 -1 -1 
0 0 0 0 4 1 2 1 1 -1 -1 
0 0 0 4 4 1 2 1 1 1 -1 
-1 0 2 3 1 1 2 2 2 2 4 
-1 2 3 4 0 0 0 ERROR---------------------------------------------
0 3 2 1 
-1 -1 0 0 0 3 0 0 0 0 0 
-1 -1 -1 2 0 0 2 2 0 2 0 
-1 -1 -1 -1 2 0 0 0 0 0 0 
-1 -1 -1 -1 -1 -1 0 0 0 4 -1 
S 3 1 M 2 1
after update 
-1 0 0 0 0 -1 -1 -1 -1 -1 -1 
0 0 0 0 0 0 0 -1 -1 -1 -1 
0 0 0 0 3 1 2 1 -1 -1 -1 
0 0 0 0 4 1 2 1 1 -1 -1 
0 0 0 4 4 1 2 1 1 1 -1 
-1 0 2 3 1 1 2 2 2 2 4 
-1 2 3 4 0 0 0 3 1 2 1 
-1 -1 0 0 0 3 0 0 0 0 0 
-1 -1 -1 2 0 0 2 2 0 2 0 
-1 -1 -1 -1 2 0 0 0 0 0 0 
-1 -1 -1 -1 -1 -1 0 0 0 4 -1 
Input chance
S 1 1 M 3 8
-1 0 0 0 0 -1 -1 -1 -1 -1 -1 
0 0 0 0 0 0 0 -1 -1 -1 -1 
0 0 0 0 3 1 2 1 -1 -1 -1 
0 0 0 0 4 1 2 1 1 -1 -1 
0 0 0 4 4 1 2 1 1 1 -1 
-1 0 2 3 1 1 2 2 2 2 4 
-1 2 3 4 0 0 2 3 1 2 1 
-1 -1 0 0 0 3 0 0 0 0 0 
-1 -1 -1 2 0 0 2 2 0 2 0 
-1 -1 -1 -1 2 0 0 0 0 0 0 
-1 -1 -1 -1 -1 -1 0 0 0 4 -1 
after create tree

-1 0 0 0 0 -1 -1 -1 -1 -1 -1 
0 0 0 0 0 0 0 -1 -1 -1 -1 
0 0 0 0 3 1 2 1 -1 -1 -1 
0 0 0 0 4 1 2 1 1 -1 -1 
0 0 0 4 4 1 2 1 1 1 -1 
-1 0 2 3 1 1 2 2 2 2 4 
-1 2 3 4 0 0 0 ERROR---------------------------------------------
3 1 2 1 
-1 -1 0 0 0 3 0 0 0 0 0 
-1 -1 -1 2 0 0 2 2 0 2 0 
-1 -1 -1 -1 2 0 0 0 0 0 0 
-1 -1 -1 -1 -1 -1 0 0 0 4 -1 
S 2 1 M 1 2
after update 
-1 0 0 0 0 -1 -1 -1 -1 -1 -1 
0 0 0 0 0 0 0 -1 -1 -1 -1 
0 0 0 0 3 1 2 1 -1 -1 -1 
0 0 0 0 4 1 2 1 1 -1 -1 
0 0 0 4 4 1 2 1 1 1 -1 
-1 0 2 3 1 1 2 2 2 2 4 
-1 2 3 4 0 3 0 1 1 2 1 
-1 -1 0 0 0 3 0 0 0 0 0 
-1 -1 -1 2 0 0 2 2 0 2 0 
-1 -1 -1 -1 2 0 0 0 0 0 0 
-1 -1 -1 -1 -1 -1 0 0 0 4 -1 
Input chance
S 1 1 M 3 8
-1 0 0 0 0 -1 -1 -1 -1 -1 -1 
0 0 0 0 0 0 0 -1 -1 -1 -1 
0 0 0 0 3 1 2 1 -1 -1 -1 
0 0 0 0 4 1 2 1 1 -1 -1 
0 0 0 4 4 1 2 1 1 1 -1 
-1 0 2 3 1 1 2 2 2 2 4 
-1 2 3 4 1 2 2 1 1 2 1 
-1 -1 0 0 0 3 0 0 0 0 0 
-1 -1 -1 2 0 0 2 2 0 2 0 
-1 -1 -1 -1 2 0 0 0 0 0 0 
-1 -1 -1 -1 -1 -1 0 0 0 4 -1 
after create tree

-1 0 0 0 0 -1 -1 -1 -1 -1 -1 
0 0 0 0 0 0 0 -1 -1 -1 -1 
0 0 0 0 3 1 2 1 -1 -1 -1 
0 0 0 0 4 1 2 1 1 -1 -1 
0 0 0 4 4 1 2 1 1 1 -1 
-1 0 2 3 1 1 2 2 2 2 4 
-1 2 3 4 1 2 0 ERROR---------------------------------------------
1 1 2 1 
-1 -1 0 0 0 3 0 0 0 0 0 
-1 -1 -1 2 0 0 2 2 0 2 0 
-1 -1 -1 -1 2 0 0 0 0 0 0 
-1 -1 -1 -1 -1 -1 0 0 0 4 -1 
S 2 4 M 2 3
after update 
-1 0 0 0 0 -1 -1 -1 -1 -1 -1 
0 0 0 0 0 0 0 -1 -1 -1 -1 
0 0 0 0 3 1 2 1 -1 -1 -1 
0 0 0 0 4 1 2 1 1 -1 -1 
0 0 0 4 4 1 2 1 1 1 -1 
-1 0 2 3 1 1 2 2 2 2 4 
-1 2 3 4 1 2 0 1 1 2 1 
-1 -1 0 0 0 1 3 0 0 0 0 
-1 -1 -1 2 0 0 2 2 0 2 0 
-1 -1 -1 -1 2 0 0 0 0 0 0 
-1 -1 -1 -1 -1 -1 0 0 0 4 -1 
Input chance
S 1 1 M 3 8
-1 0 0 0 0 -1 -1 -1 -1 -1 -1 
0 0 0 0 0 0 0 -1 -1 -1 -1 
0 0 0 0 3 1 2 1 -1 -1 -1 
0 0 0 0 4 1 2 1 1 -1 -1 
0 0 0 4 4 1 2 1 1 1 -1 
-1 0 2 3 1 1 2 2 2 2 4 
-1 2 3 4 2 1 2 1 1 2 1 
-1 -1 0 0 0 1 3 0 0 0 0 
-1 -1 -1 2 0 0 2 2 0 2 0 
-1 -1 -1 -1 2 0 0 0 0 0 0 
-1 -1 -1 -1 -1 -1 0 0 0 4 -1 
after create tree

-1 0 0 0 0 -1 -1 -1 -1 -1 -1 
0 0 0 0 0 0 0 -1 -1 -1 -1 
0 0 0 0 3 1 2 1 -1 -1 -1 
0 0 0 0 4 1 2 1 1 -1 -1 
0 0 0 4 4 1 2 1 1 1 -1 
-1 0 2 3 1 1 1 ERROR---------------------------------------------
3 ERROR---------------------------------------------
1 ERROR---------------------------------------------
2 4 
-1 2 3 4 2 0 ERROR---------------------------------------------
2 1 1 2 1 
-1 -1 0 0 0 0 ERROR---------------------------------------------
3 0 0 0 0 
-1 -1 -1 2 0 0 2 2 0 2 0 
-1 -1 -1 -1 2 0 0 0 0 0 0 
-1 -1 -1 -1 -1 -1 0 0 0 4 -1 
RS 3 15 RE 1 2 X 2 3 S 2 3 M 2 2 RS 3 15 RE 1 2 X 2 3
after update 
-1 0 0 0 0 -1 -1 -1 -1 -1 -1 
0 0 0 0 0 0 0 -1 -1 -1 -1 
0 0 0 0 3 1 2 1 -1 -1 -1 
0 0 0 0 4 1 2 1 1 -1 -1 
0 0 0 4 4 1 2 1 1 1 -1 
-1 0 2 3 1 1 0 0 0 2 4 
-1 2 3 4 2 0 2 1 1 2 1 
-1 -1 0 0 0 0 3 0 0 0 0 
-1 -1 -1 2 0 0 2 2 0 2 0 
-1 -1 -1 -1 2 0 0 0 0 0 0 
-1 -1 -1 -1 -1 -1 0 0 0 4 -1 
Input chance
S 1 1 M 3 8
-1 0 0 0 0 -1 -1 -1 -1 -1 -1 
0 0 0 0 0 0 0 -1 -1 -1 -1 
0 0 0 0 3 1 2 1 -1 -1 -1 
0 0 0 0 4 1 2 1 1 -1 -1 
0 0 0 4 4 1 2 1 1 1 -1 
-1 0 2 3 1 1 0 0 0 2 4 
-1 2 3 4 1 0 2 1 1 2 1 
-1 -1 0 0 0 0 3 0 0 0 0 
-1 -1 -1 2 0 0 2 2 0 2 0 
-1 -1 -1 -1 2 0 0 0 0 0 0 
-1 -1 -1 -1 -1 -1 0 0 0 4 -1 
after create tree

-1 0 0 0 0 -1 -1 -1 -1 -1 -1 
0 0 0 0 0 0 0 -1 -1 -1 -1 
0 0 0 0 3 1 2 1 -1 -1 -1 
0 0 0 0 4 1 2 1 1 -1 -1 
0 0 0 4 4 1 2 1 1 1 -1 
-1 0 2 3 1 1 0 0 0 2 4 
-1 2 3 4 1 0 2 1 1 2 1 
-1 -1 0 0 0 0 3 0 0 0 0 
-1 -1 -1 2 0 0 2 2 0 2 0 
-1 -1 -1 -1 2 0 0 0 0 0 0 
-1 -1 -1 -1 -1 -1 0 0 0 4 -1 
S 2 3 M 2 2
after update 
-1 0 0 0 0 -1 -1 -1 -1 -1 -1 
0 0 0 0 0 0 0 -1 -1 -1 -1 
0 0 0 0 3 1 2 1 -1 -1 -1 
0 0 0 0 4 1 2 1 1 -1 -1 
0 0 0 4 4 1 2 1 1 1 -1 
-1 0 2 3 1 1 0 0 0 2 4 
-1 2 3 4 1 0 2 1 1 2 1 
-1 -1 0 0 0 0 1 3 0 0 0 
-1 -1 -1 2 0 0 2 2 0 2 0 
-1 -1 -1 -1 2 0 0 0 0 0 0 
-1 -1 -1 -1 -1 -1 0 0 0 4 -1 
Input chance
S 1 1 M 3 8
-1 0 0 0 0 -1 -1 -1 -1 -1 -1 
0 0 0 0 0 0 0 -1 -1 -1 -1 
0 0 0 0 3 1 2 1 -1 -1 -1 
0 0 0 0 4 1 2 1 1 -1 -1 
0 0 0 4 4 1 2 1 1 1 -1 
-1 0 2 3 1 1 0 0 0 2 4 
-1 2 3 4 2 0 2 1 1 2 1 
-1 -1 0 0 0 0 1 3 0 0 0 
-1 -1 -1 2 0 0 2 2 0 2 0 
-1 -1 -1 -1 2 0 0 0 0 0 0 
-1 -1 -1 -1 -1 -1 0 0 0 4 -1 
after create tree

-1 0 0 0 0 -1 -1 -1 -1 -1 -1 
0 0 0 0 0 0 0 -1 -1 -1 -1 
0 0 0 0 3 1 2 1 -1 -1 -1 
0 0 0 0 4 1 2 1 1 -1 -1 
0 0 0 4 4 1 2 1 1 1 -1 
-1 0 2 3 1 1 0 0 0 2 4 
-1 2 3 4 2 0 2 1 1 2 1 
-1 -1 0 0 0 0 1 3 0 0 0 
-1 -1 -1 2 0 0 2 2 0 2 0 
-1 -1 -1 -1 2 0 0 0 0 0 0 
-1 -1 -1 -1 -1 -1 0 0 0 4 -1 
S 2 2 M 3 2
after update 
-1 0 0 0 0 -1 -1 -1 -1 -1 -1 
0 0 0 0 0 0 0 -1 -1 -1 -1 
0 0 0 0 3 1 2 1 -1 -1 -1 
0 0 0 0 4 1 2 1 1 -1 -1 
0 0 0 4 4 1 2 1 1 1 -1 
-1 0 2 3 1 1 0 0 0 2 4 
-1 2 3 4 2 0 2 1 1 2 1 
-1 -1 0 0 0 0 1 1 3 0 0 
-1 -1 -1 2 0 0 2 2 0 2 0 
-1 -1 -1 -1 2 0 0 0 0 0 0 
-1 -1 -1 -1 -1 -1 0 0 0 4 -1 
Input chance
S 1 1 M 3 8
-1 0 0 0 0 -1 -1 -1 -1 -1 -1 
0 0 0 0 0 0 0 -1 -1 -1 -1 
0 0 0 0 3 1 2 1 -1 -1 -1 
0 0 0 0 4 1 2 1 1 -1 -1 
0 0 0 4 4 1 2 1 1 1 -1 
-1 0 2 3 1 1 0 0 0 2 4 
-1 2 3 4 1 0 2 1 1 2 1 
-1 -1 0 0 0 0 1 1 3 0 0 
-1 -1 -1 2 0 0 2 2 0 2 0 
-1 -1 -1 -1 2 0 0 0 0 0 0 
-1 -1 -1 -1 -1 -1 0 0 0 4 -1 
after create tree

-1 0 0 0 0 -1 -1 -1 -1 -1 -1 
0 0 0 0 0 0 0 -1 -1 -1 -1 
0 0 0 0 3 1 2 1 -1 -1 -1 
0 0 0 0 4 1 2 1 1 -1 -1 
0 0 0 4 4 1 2 1 1 1 -1 
-1 0 2 3 1 1 0 0 0 2 4 
-1 2 3 4 1 0 2 1 1 2 1 
-1 -1 0 0 0 0 1 1 3 0 0 
-1 -1 -1 2 0 0 2 2 0 2 0 
-1 -1 -1 -1 2 0 0 0 0 0 0 
-1 -1 -1 -1 -1 -1 0 0 0 4 -1 
S 3 2 M 4 2
after update 
-1 0 0 0 0 -1 -1 -1 -1 -1 -1 
0 0 0 0 0 0 0 -1 -1 -1 -1 
0 0 0 0 3 1 2 1 -1 -1 -1 
0 0 0 0 4 1 2 1 1 -1 -1 
0 0 0 4 4 1 2 1 1 1 -1 
-1 0 2 3 1 1 0 0 0 2 4 
-1 2 3 4 1 0 2 1 1 2 1 
-1 -1 0 0 0 0 1 1 1 3 0 
-1 -1 -1 2 0 0 2 2 0 2 0 
-1 -1 -1 -1 2 0 0 0 0 0 0 
-1 -1 -1 -1 -1 -1 0 0 0 4 -1 
Input chance
S 1 1 M 3 8
-1 0 0 0 0 -1 -1 -1 -1 -1 -1 
0 0 0 0 0 0 0 -1 -1 -1 -1 
0 0 0 0 3 1 2 1 -1 -1 -1 
0 0 0 0 4 1 2 1 1 -1 -1 
0 0 0 4 4 1 2 1 1 1 -1 
-1 0 2 3 1 1 0 0 0 2 4 
-1 2 3 4 2 0 2 1 1 2 1 
-1 -1 0 0 0 0 1 1 1 3 0 
-1 -1 -1 2 0 0 2 2 0 2 0 
-1 -1 -1 -1 2 0 0 0 0 0 0 
-1 -1 -1 -1 -1 -1 0 0 0 4 -1 
after create tree

-1 0 0 0 0 -1 -1 -1 -1 -1 -1 
0 0 0 0 0 0 0 -1 -1 -1 -1 
0 0 0 0 3 1 2 1 -1 -1 -1 
0 0 0 0 4 1 2 1 1 -1 -1 
0 0 0 4 4 1 2 1 1 1 -1 
-1 0 2 3 1 1 0 0 0 2 4 
-1 2 3 4 2 0 2 1 1 2 1 
-1 -1 0 0 0 0 1 1 1 3 0 
-1 -1 -1 2 0 0 2 2 0 2 0 
-1 -1 -1 -1 2 0 0 0 0 0 0 
-1 -1 -1 -1 -1 -1 0 0 0 4 -1 
S 4 2 M 5 2
after update 
-1 0 0 0 0 -1 -1 -1 -1 -1 -1 
0 0 0 0 0 0 0 -1 -1 -1 -1 
0 0 0 0 3 1 2 1 -1 -1 -1 
0 0 0 0 4 1 2 1 1 -1 -1 
0 0 0 4 4 1 2 1 1 1 -1 
-1 0 2 3 1 1 0 0 0 2 4 
-1 2 3 4 2 0 2 1 1 2 1 
-1 -1 0 0 0 0 1 1 1 1 3 
-1 -1 -1 2 0 0 2 2 0 2 0 
-1 -1 -1 -1 2 0 0 0 0 0 0 
-1 -1 -1 -1 -1 -1 0 0 0 4 -1 
Input chance
S 1 1 M 3 8
-1 0 0 0 0 -1 -1 -1 -1 -1 -1 
0 0 0 0 0 0 0 -1 -1 -1 -1 
0 0 0 0 3 1 2 1 -1 -1 -1 
0 0 0 0 4 1 2 1 1 -1 -1 
0 0 0 4 4 1 2 1 1 1 -1 
-1 0 2 3 1 1 0 0 0 2 4 
-1 2 3 4 1 0 2 1 1 2 1 
-1 -1 0 0 0 0 1 1 1 1 3 
-1 -1 -1 2 0 0 2 2 0 2 0 
-1 -1 -1 -1 2 0 0 0 0 0 0 
-1 -1 -1 -1 -1 -1 0 0 0 4 -1 
after create tree

-1 0 0 0 0 -1 -1 -1 -1 -1 -1 
0 0 0 0 0 0 0 -1 -1 -1 -1 
0 0 0 0 3 1 2 1 -1 -1 -1 
0 0 0 0 4 1 2 1 1 -1 -1 
0 0 0 4 4 1 2 1 1 2 ERROR---------------------------------------------
-1 
-1 0 2 3 1 1 0 0 0 2 4 
-1 2 3 4 1 0 2 1 1 2 1 
-1 -1 0 0 0 0 1 1 1 1 3 
-1 -1 -1 2 0 0 2 2 0 0 ERROR---------------------------------------------
0 
-1 -1 -1 -1 2 0 0 0 0 0 0 
-1 -1 -1 -1 -1 -1 0 0 0 4 -1 
S 5 2 M 2 4
after u